4.830000000000000000e+02
1.227000000000000000e+04
1.520000000000000000e+03
3.770000000000000000e+03
1.178000000000000000e+03
3.115000000000000000e+03
1.878000000000000000e+03
7.030000000000000000e+02
4.504000000000000000e+03
2.892000000000000000e+03
3.910000000000000000e+02
3.860000000000000000e+02
6.180000000000000000e+02
4.845000000000000000e+03
5.200000000000000000e+02
1.479000000000000000e+03
1.128000000000000000e+03
4.030000000000000000e+02
2.250000000000000000e+03
6.570000000000000000e+02
2.740000000000000000e+03
1.211000000000000000e+03
1.162000000000000000e+03
1.899000000000000000e+03
2.090000000000000000e+03
6.405000000000000000e+03
8.700000000000000000e+02
2.090700000000000000e+04
1.638000000000000000e+03
6.580000000000000000e+02
5.371000000000000000e+03
3.143000000000000000e+03
3.344000000000000000e+03
5.741000000000000000e+03
4.670000000000000000e+02
3.045000000000000000e+03
1.375000000000000000e+03
4.240000000000000000e+02
1.884000000000000000e+03
7.390000000000000000e+02
1.303100000000000000e+04
4.349000000000000000e+03
1.527000000000000000e+03
1.674000000000000000e+03
4.050000000000000000e+02
2.033000000000000000e+03
3.490000000000000000e+02
3.560000000000000000e+02
6.090000000000000000e+02
9.430000000000000000e+02
1.083000000000000000e+03
9.770000000000000000e+02
2.601000000000000000e+03
1.869000000000000000e+03
2.859000000000000000e+03
3.393000000000000000e+03
2.588000000000000000e+03
6.932000000000000000e+03
1.047000000000000000e+03
1.938000000000000000e+03
1.676000000000000000e+03
8.160000000000000000e+02
4.060000000000000000e+02
2.698000000000000000e+03
6.123000000000000000e+03
9.610000000000000000e+02
1.617000000000000000e+03
1.950000000000000000e+03
7.312000000000000000e+03
4.980000000000000000e+02
1.014700000000000000e+04
2.435000000000000000e+03
2.869000000000000000e+03
8.850000000000000000e+02
4.830000000000000000e+02
1.220200000000000000e+04
1.512000000000000000e+03
3.774000000000000000e+03
1.183000000000000000e+03
3.109000000000000000e+03
1.886000000000000000e+03
6.960000000000000000e+02
4.489000000000000000e+03
2.878000000000000000e+03
3.770000000000000000e+02
3.890000000000000000e+02
6.190000000000000000e+02
4.821000000000000000e+03
5.230000000000000000e+02
1.635000000000000000e+03
1.259000000000000000e+03
4.460000000000000000e+02
2.245000000000000000e+03
7.340000000000000000e+02
2.723000000000000000e+03
1.218000000000000000e+03
1.146000000000000000e+03
1.917000000000000000e+03
2.241000000000000000e+03
6.515000000000000000e+03
8.580000000000000000e+02
2.099000000000000000e+04
1.620000000000000000e+03
6.650000000000000000e+02
5.358000000000000000e+03
3.146000000000000000e+03
3.392000000000000000e+03
5.735000000000000000e+03
4.630000000000000000e+02
3.047000000000000000e+03
1.382000000000000000e+03
4.190000000000000000e+02
1.881000000000000000e+03
7.460000000000000000e+02
1.300900000000000000e+04
4.350000000000000000e+03
1.542000000000000000e+03
1.693000000000000000e+03
3.960000000000000000e+02
2.046000000000000000e+03
3.480000000000000000e+02
3.570000000000000000e+02
6.120000000000000000e+02
9.530000000000000000e+02
1.088000000000000000e+03
1.029000000000000000e+03
2.803000000000000000e+03
1.974000000000000000e+03
2.838000000000000000e+03
3.445000000000000000e+03
2.586000000000000000e+03
7.146000000000000000e+03
1.044000000000000000e+03
1.955000000000000000e+03
1.751000000000000000e+03
8.250000000000000000e+02
4.320000000000000000e+02
2.714000000000000000e+03
6.196000000000000000e+03
9.570000000000000000e+02
1.617000000000000000e+03
2.128000000000000000e+03
7.823000000000000000e+03
5.320000000000000000e+02
1.014000000000000000e+04
2.431000000000000000e+03
2.873000000000000000e+03
8.850000000000000000e+02
